image_width: 640
image_height: 480
camera_name: camera
camera_matrix:
  rows: 3
  cols: 3
  data: [501.207680, 0.000000, 318.010962, 0.000000, 500.080123, 238.542315, 0.000000, 0.000000, 1.000000]
distortion_model: plumb_bob
distortion_coefficients:
  rows: 1
  cols: 5
  data: [0.158463, -0.281248, 0.001375, 0.001677, 0.000000]
rectification_matrix:
  rows: 3
  cols: 3
  data: [1.000000, 0.000000, 0.000000, 0.000000, 1.000000, 0.000000, 0.000000, 0.000000, 1.000000]
projection_matrix:
  rows: 3
  cols: 4
  data: [510.671875, 0.000000, 318.950430, 0.000000, 0.000000, 511.576324, 239.056993, 0.000000, 0.000000, 0.000000, 1.000000, 0.000000]
